"time" "direct" "dist" "width" "length" "positive_frequency" "negative_frequency" "file"
590.95 5 228.448 53 53 51.0684 43.5897 "20190319"
775.296 1 248.582 58 52 49.7863 50.2137 "20190319"
816.355 3 235.747 55 50 54.4872 45.2991 "20190319"
845.777 5 182.742 40 46 44.4444 55.5556 "20190319"
973.037 3 200.248 45 51 45.1852 53.7037 "20190319"
11180.937 3 188.548 42 51 48.2906 51.4957 "20190319"
11438.738 1 209.282 47 53 46.5812 53.4188 "20190319"
11576.315 1 232.322 54 55 35.2564 64.1026 "20190319"
12043.811 7 210.642 48 52 52.1368 47.8632 "20190319"
12193.369 5 226.766 52 53 65.3846 34.6154 "20190319"
12193.759 5 226.781 52 52 61.1111 38.8889 "20190319"
12791.703 5 237.285 55 53 60.8974 39.1026 "20190319"
12791.937 5 237.619 55 55 53.2051 46.7949 "20190319"
13050.788 3 239.396 56 54 47.2222 52.7778 "20190319"
13540.655 1 226.872 52 52 49.1453 51.0684 "20190319"
13903.616 5 253.743 60 50 35.4701 64.5299 "20190319"
14101.689 7 226.022 52 52 49.5726 50.4274 "20190319"
14923.634 5 236.597 55 52 75.2137 25 "20190319"
15060.909 5 229.914 53 46 33.9744 58.3333 "20190319"
15301.696 1 202.58 45 53 35.8974 64.1026 "20190319"
15318.154 5 200.723 45 52 66.453 33.7607 "20190319"
15393.377 3 208.595 47 54 68.5897 31.4103 "20190319"
15393.767 3 208.811 47 54 59.188 40.5983 "20190319"
15657.761 3 212.81 48 54 44.6581 55.5556 "20190319"
15989.667 5 204.566 46 53 63.8889 36.1111 "20190319"
16056.654 3 225.167 52 52 56.1966 43.8034 "20190319"
16223.949 5 203.13 46 54 52.9915 46.7949 "20190319"
16224.183 5 202.88 46 53 51.7094 47.8632 "20190319"
16408.507 7 262.397 62 56 96.3675 48.9316 "20190319"
16409.553 7 263.028 62 54 34.4017 65.812 "20190319"
16544.025 7 233.814 54 53 50.4274 49.5726 "20190319"
17168.707 1 236.825 55 49 48.6486 51.1261 "20190319"
17938.392 3 188.875 42 54 59.8291 40.3846 "20190319"
17938.735 3 189.881 42 50 64.3162 35.6838 "20190319"
18391.287 3 222.809 51 53 66.453 33.547 "20190319"
18596.084 1 248.449 58 51 34.8485 64.3939 "20190319"
18618.299 1 196.697 44 53 49.5726 50.4274 "20190319"
18618.564 1 196.728 44 52 49.7863 50.2137 "20190319"
18625.35 5 263.373 62 53 101.19 34.7619 "20190319"
18833.059 1 257.886 61 53 36.4734 63.5266 "20190319"
18985.83 7 206.229 46 52 41.6667 58.3333 "20190319"
19475.151 3 215.765 49 53 41.453 58.7607 "20190319"
19503.122 7 215.054 49 53 47.8395 52.4691 "20190319"
19503.902 7 214.815 49 53 47.2222 52.7778 "20190319"
19504.682 7 215.005 49 53 47.4359 52.9915 "20190319"
20116.276 5 219.63 50 42 0 0 "20190319"
20199.533 5 255.927 60 51 61.5385 44.6581 "20190319"
20852.062 3 233.768 54 53 58.7607 41.2393 "20190319"
20852.296 3 233.882 54 52 57.598 42.402 "20190319"
21025.285 5 219.695 50 51 43.8596 55.848 "20190319"
21301.556 1 224.37 52 52 36.5591 63.9785 "20190319"
21542.608 7 187.003 41 53 44.0171 56.1966 "20190319"
21965.925 7 191.757 43 52 48.8739 51.1261 "20190319"
22075.64 3 202.58 45 53 61.0215 38.9785 "20190319"
22075.874 3 202.416 45 52 46.4646 54.0404 "20190319"
22125.279 3 212.537 48 53 61.3636 38.6364 "20190319"
22992.443 5 237.858 55 53 76.282 23.9316 "20190319"
23047.075 7 266.476 63 52 53.8462 46.1538 "20190319"
23141.392 7 182.51 40 53 56.1966 43.8034 "20190319"
23348.966 5 226.754 52 55 102.35 61.3248 "20190319"
23865.556 3 244.382 57 50 64.9573 35.4701 "20190319"
24315.238 1 243.634 57 52 38.2629 61.7371 "20190319"
24545.666 5 186.486 41 48 63.2479 36.7521 "20190319"
25082.676 7 201.623 45 54 58.7963 42.1296 "20190319"
25790.787 5 186.201 41 54 67.5214 32.6923 "20190319"
26216.304 3 214.994 49 54 52.3504 47.4359 "20190319"
26839.052 7 194.4 43 52 62.5 37.1212 "20190319"
27158.536 7 215.484 49 54 53.7037 45.679 "20190319"
27158.754 7 216.258 49 53 51.9231 47.8632 "20190319"
28763.8 5 197.818 44 52 49.5726 50.4274 "20190319"
29232.17 5 227.871 52 51 53.4188 46.5812 "20190319"
29292.199 3 264.224 63 60 37 63.3333 "20190319"
29905.509 7 219.437 50 52 35.9375 63.8021 "20190319"
30367.654 7 251.654 59 52 46.5278 53.8194 "20190319"
30447.027 7 266.446 63 53 50.2137 49.7863 "20190319"
30448.353 7 266.495 63 52 54.9145 45.0855 "20190319"
30448.587 7 266.605 63 52 49.5726 50.4274 "20190319"
30553.856 7 215.905 49 46 49.4048 50 "20190319"
30600.532 5 181.375 40 54 40.1709 59.8291 "20190319"
30600.766 5 181.329 40 54 40.1709 59.8291 "20190319"
30601.218 5 181.489 40 51 40.5983 59.4017 "20190319"
30711.505 3 236.901 55 53 49.6599 50.3401 "20190319"
31498.646 7 216.346 49 53 42.3077 57.6923 "20190319"
31499.255 7 216.433 49 53 50.8547 49.359 "20190319"
31960.418 3 231.103 53 53 32.265 67.9487 "20190319"
32128.461 1 227.358 52 53 59.8291 40.1709 "20190319"
32128.726 1 227.442 52 53 46.7949 53.2051 "20190319"
32128.96 1 228.216 53 52 45.8333 54.1667 "20190319"
32129.21 1 227.563 52 52 45.5128 54.4872 "20190319"
32244.229 7 213.805 49 54 52.3504 47.6496 "20190319"
34646.161 7 227.692 53 51 49.5614 50 "20190319"
34760.15 5 199.128 45 53 55.9829 44.0171 "20190319"
34858.415 7 214.735 49 53 52.1368 47.8632 "20190319"
34858.68 7 214.838 49 51 51.9231 48.0769 "20190319"
34979.138 7 217.306 50 53 43.3908 56.6092 "20190319"
34979.388 7 217.644 50 52 50.2137 50 "20190319"
34979.715 7 217.325 50 51 45.3901 53.9007 "20190319"
34979.949 7 217.644 50 53 42.9379 57.0622 "20190319"
34981.119 7 217.644 50 51 49.359 50.641 "20190319"
35459.354 5 216.649 49 53 58.3333 41.6667 "20190319"
35459.666 5 217.322 50 51 59.4017 40.5983 "20190319"
35886.696 5 202.204 45 53 42.2886 57.7114 "20190319"
35907.912 5 211.994 48 53 55.1282 44.6581 "20190319"
36494.92 5 246.16 58 52 49.5496 50.4504 "20190319"
37987.516 5 247.568 58 52 55.3419 44.6581 "20190319"
38238.27 3 244.397 57 53 62.1795 38.0342 "20190319"
38252.981 7 231.243 53 53 16.2393 70.5128 "20190319"
38253.247 7 231.642 54 57 17.094 82.4786 "20190319"
38254.073 7 231.251 54 61 18.8034 81.1966 "20190319"
38254.323 7 233.97 54 50 25 74.6914 "20190319"
38254.822 7 233.825 54 56 28.2051 72.0085 "20190319"
38255.103 7 234.216 54 57 29.2735 70.9402 "20190319"
38255.337 7 234.346 54 57 27.5641 72.2222 "20190319"
38255.618 7 234.304 54 54 25.3623 75.3623 "20190319"
38255.867 7 236.096 55 54 50.2137 49.7863 "20190319"
38256.71 7 235.424 55 53 37.7193 61.4035 "20190319"
38257.334 7 235.959 55 54 50 53.0864 "20190319"
38257.911 7 236.339 55 54 61.1111 42.3077 "20190319"
38447.404 5 183.778 40 48 39.5833 60.0694 "20190319"
38913.388 5 201.19 45 53 50 50 "20190319"
38913.606 5 201.79 45 52 49.5726 50.4274 "20190319"
39984.21 7 195.186 43 53 58.7607 41.2393 "20190319"
39984.663 7 195.209 43 52 51.9231 48.2906 "20190319"
39984.881 7 195.459 43 52 45.9402 54.2735 "20190319"
40130.648 5 193.728 43 54 50.2137 49.7863 "20190319"
40436.965 3 256.291 60 52 57.8788 42.1212 "20190319"
40595.212 3 238.287 55 53 48.7745 51.7157 "20190319"
40810.913 7 187.849 42 51 42.9293 56.5657 "20190319"
40964.865 1 215.863 49 51 62.1795 38.0342 "20190319"
42049.342 1 199.424 45 53 61.3248 38.6752 "20190319"
42055.13 1 214.633 49 53 38.5246 62.5683 "20190319"
42338.156 5 215.746 49 53 48.2906 51.7094 "20190319"
42471.599 7 187.356 41 53 43.2099 57.4074 "20190319"
42641.889 1 221.992 51 48 71.5812 28.2051 "20190319"
43948.08 5 255.684 60 43 49.0196 53.268 "20190319"
44486.031 5 246.957 58 54 43.3761 56.6239 "20190319"
45538.742 1 207.456 47 51 49.359 50.641 "20190319"
45561.362 5 265.591 63 55 41.8919 58.3333 "20190319"
45647.942 1 245.575 57 53 76.4957 23.2906 "20190319"
46194.406 5 212.571 48 52 79.5918 21.0884 "20190319"
46545.105 5 190.116 42 53 45.5128 54.4872 "20190319"
46545.401 5 190.603 42 49 44.6581 55.3419 "20190319"
46593.824 7 187.808 41 52 52.7778 47.4359 "20190319"
46633.464 7 197.142 44 51 55.5556 44.4444 "20190319"
47031.79 1 239.73 56 52 57.265 42.735 "20190319"
48698.689 1 204.782 46 53 51.0684 50 "20190319"
49032.291 7 213.266 49 53 43.1624 56.6239 "20190319"
49183.159 5 260.977 62 54 50.4274 49.5726 "20190319"
49183.408 5 262.132 62 53 51.0684 49.359 "20190319"
49699.015 7 183.095 40 52 41.6667 58.1197 "20190319"
50347.956 7 218.423 50 48 23.1707 76.4228 "20190319"
50508.792 7 221.073 51 51 49.359 50.641 "20190319"
51243.606 7 193.447 43 59 49.359 50.641 "20190319"
53474.472 7 203.966 46 53 39.5161 60.2151 "20190319"
53845.951 1 242.18 56 54 39.1026 60.8974 "20190319"
53846.169 1 242.29 57 51 36.7521 63.4615 "20190319"
53916.791 7 200.635 45 51 44.8718 55.1282 "20190319"
54151.867 3 224.294 51 52 44.9153 55.0848 "20190319"
55035.583 1 184.211 41 51 49.7396 50.2604 "20190319"
55115.284 1 238.561 56 52 32.906 66.8803 "20190319"
55350.938 3 242.939 57 53 75 38.1579 "20190319"
55585.604 7 187.865 41 54 60.4701 39.3162 "20190319"
55791.119 1 237.9 55 53 47.4359 52.5641 "20190319"
55791.337 1 237.877 55 54 51.4084 48.5916 "20190319"
55987.908 7 195.706 44 51 55.1724 45.4023 "20190319"
56286.789 7 181.576 40 55 52.0202 47.9798 "20190319"
56355.881 3 202.61 46 51 47.3118 53.7634 "20190319"
56475.799 1 198.103 44 54 35.7143 64.2857 "20190319"
56545.796 5 245.537 57 52 62.8205 37.1795 "20190319"
56864.344 1 187.39 41 54 28.1385 71.645 "20190319"
56900.442 3 186.767 41 51 67.5214 32.265 "20190319"
57092.853 3 209.578 47 54 44.8718 55.1282 "20190319"
57173.516 1 264.63 63 54 29.2735 70.9402 "20190319"
57173.734 1 264.68 63 54 30.9829 69.0171 "20190319"
57174.436 1 264.816 63 53 31.8376 68.1624 "20190319"
57174.67 1 264.934 63 55 32.0513 67.9487 "20190319"
57198.944 1 257.996 61 54 60.4701 39.7436 "20190319"
57465.782 7 245.575 57 53 59.4017 40.5983 "20190319"
57628.834 1 229.386 53 52 47.8495 52.1505 "20190319"
57718.237 7 238.17 56 51 80.3763 63.9785 "20190319"
57948.146 5 228.486 53 53 51.9231 48.0769 "20190319"
57948.364 5 227.597 53 54 50.8547 49.1453 "20190319"
58047.19 7 243.004 57 52 34.4017 65.5983 "20190319"
58094.614 1 219.684 50 51 25.9804 73.5294 "20190319"
58243.267 1 204.577 46 49 46.8254 53.9683 "20190319"
58306.556 3 237.087 55 49 78.4188 21.1538 "20190319"
58380.168 7 236.108 55 45 38.0342 61.9658 "20190319"
58458.137 1 219.744 50 53 44.4444 56.0185 "20190319"
58674.228 1 246.471 58 52 28.0193 72.2222 "20190319"
58700.358 7 215.104 49 54 39.5299 60.2564 "20190319"
59336.71 1 227.381 52 54 40.1709 57.6923 "20190319"
59650.733 7 222.178 51 53 40.1235 60.1852 "20190319"
59743.46 7 266.21 63 53 52.1368 47.8632 "20190319"
59743.772 7 266.559 63 52 38.4615 61.5385 "20190319"
59771.134 3 183.243 40 54 52.7273 47.5758 "20190319"
59917.135 1 207.976 47 51 39.9573 60.0427 "20190319"
60034.509 5 242.84 57 52 60.8974 39.1026 "20190319"
60034.728 5 242.324 57 53 58.0087 42.6407 "20190319"
60226.338 7 230.457 53 51 41.8803 58.1197 "20190319"
61204.002 7 190.766 42 53 43.8406 56.1594 "20190319"
61686.147 3 252.892 59 53 62.8205 37.1795 "20190319"
61732.791 1 235.959 55 52 41.8803 58.3333 "20190319"
61860.712 7 211.044 48 52 34.6154 65.1709 "20190319"
61948.477 1 231.266 53 53 57.906 42.094 "20190319"
61948.93 1 231.171 53 54 66.6667 32.906 "20190319"
62182.317 7 188.225 42 46 49.2248 50.7752 "20190319"
62390.296 7 204.816 46 54 69.209 30.5085 "20190319"
62450.637 1 259.941 61 53 34.4017 65.5983 "20190319"
62535.174 7 230.86 53 54 43.3761 56.6239 "20190319"
62535.408 7 231.087 53 52 51.4957 48.2906 "20190319"
62535.626 7 231.365 53 52 50.641 49.359 "20190319"
62595.026 7 206.07 46 53 46.1538 53.8462 "20190319"
62788.404 7 228.319 53 52 57.4786 42.5214 "20190319"
63539.119 1 235.857 55 50 38.9706 60.7843 "20190319"
63637.68 1 242.434 57 51 52.5641 47.4359 "20190319"
63692.062 3 245.142 57 53 69.2708 30.7292 "20190319"
63729.892 7 264.987 63 55 61.5385 38.6752 "20190319"
63742.247 1 251.723 59 44 0 60.9848 "20190319"
63882.268 5 188.7 42 51 74.5726 26.282 "20190319"
64017.535 1 201.243 45 53 70.5882 30.3922 "20190319"
64079.873 7 251.962 59 49 56.1404 44.4444 "20190319"
64213.987 1 201.475 45 55 41.2698 58.9947 "20190319"
64440.354 7 253.701 60 53 42.094 57.6923 "20190319"
64624.73 1 183.904 40 51 55.5556 44.4444 "20190319"
64791.994 3 209.977 48 51 62.6812 37.3188 "20190319"
65094.738 1 205.47 46 55 42.735 57.0513 "20190319"
65094.988 1 205.151 46 54 54.4872 45.9402 "20190319"
65095.206 1 205.804 46 52 53.8462 45.9402 "20190319"
65095.893 1 205.975 46 52 47.4359 52.5641 "20190319"
65096.174 1 185.962 41 50 61.7778 38 "20190319"
65096.174 1 206.294 46 50 55.2239 44.7761 "20190319"
65096.517 1 186.653 41 45 45.4545 54.5455 "20190319"
65193.799 3 244.242 57 53 57.906 42.094 "20190319"
65253.36 7 248.123 58 52 55.5556 44.6581 "20190319"
65305.932 1 222.361 51 51 50.2193 49.5614 "20190319"
65864.938 1 213.513 49 54 50 50 "20190319"
65965.433 7 266.134 63 53 51.4957 48.2906 "20190319"
66060.718 3 189.98 42 46 49.0991 50.9009 "20190319"
66136.956 1 194.628 43 54 44.4444 55.5556 "20190319"
66349.532 7 261.816 62 54 47.4359 51.2821 "20190319"
66661.377 1 237.103 55 52 48.6111 51.1574 "20190319"
66662.828 7 241.956 56 52 52.7778 47.4359 "20190319"
66767.909 7 250.511 59 53 54.1667 46.3542 "20190319"
66768.346 7 251.043 59 52 52.0325 34.1463 "20190319"
66768.58 7 250.622 59 53 58.1197 41.8803 "20190319"
66769.032 7 250.884 59 53 54.7009 45.2991 "20190319"
66930.41 7 237.9 55 52 49.5726 50.4274 "20190319"
66930.628 7 237.741 55 54 49.1453 51.0684 "20190319"
66955.463 5 230.37 53 53 54.6784 45.3216 "20190319"
67163.334 7 247.344 58 51 65.4088 34.2767 "20190319"
67280.802 7 257.153 61 51 44.2308 56.1966 "20190319"
67281.208 7 256.663 61 52 26.4444 73.1111 "20190319"
67281.863 7 257.111 61 52 57.265 42.735 "20190319"
67282.081 7 257.43 61 52 80.9829 63.2479 "20190319"
67282.346 7 257.415 61 51 55.9829 44.0171 "20190319"
67282.58 7 257.241 61 53 56.8376 43.1624 "20190319"
67283.314 7 257.742 61 51 55.1282 45.0855 "20190319"
67283.548 7 257.495 61 53 54.0598 45.9402 "20190319"
67283.766 7 257.78 61 53 52.7778 47.0086 "20190319"
67284.047 7 257.651 61 53 65.1709 34.8291 "20190319"
67366.43 7 233.309 54 52 44.8198 55.1802 "20190319"
68370.298 3 263.958 63 53 40.7658 58.5586 "20190319"
68473.554 1 181.819 40 51 42.0139 58.3333 "20190319"
68479.046 5 250.42 59 55 62.8205 37.1795 "20190319"
68479.264 5 251.066 59 51 61.5385 38.6752 "20190319"
68539.854 3 238.982 55 53 79.7619 50.4762 "20190319"
68651.936 3 196.716 44 53 79.0598 20.5128 "20190319"
68652.185 3 195.338 43 54 52.5641 47.8632 "20190319"
68677.426 7 256.284 60 53 50.8547 49.1453 "20190319"
68957.166 7 224.829 52 52 52.5641 47.4359 "20190319"
69179.123 1 232.603 54 55 42.7928 57.2072 "20190319"
69305.01 1 206.772 47 51 55.9829 43.8034 "20190319"
69365.164 3 214.762 49 52 49.1803 51.0929 "20190319"
69403.743 5 222.182 51 53 48.9316 51.0684 "20190319"
70029.345 1 189.71 42 48 47.6496 52.3504 "20190319"
70080.233 5 222.634 51 49 45.9402 54.0598 "20190319"
70445.565 1 248.89 58 53 52.619 47.381 "20190319"
71221.427 7 254.692 60 50 40.3846 59.4017 "20190319"
71535.097 7 229.766 53 48 48 52.3333 "20190319"
71598.495 5 212.1 48 52 56.1966 43.5897 "20190319"
71660.828 7 264.767 63 54 46.3675 53.6325 "20190319"
71748.126 7 182.127 40 52 46.5812 53.2051 "20190319"
71753.773 1 205.587 47 51 45.7265 55.5556 "20190319"
71755.941 1 211.086 48 54 70.9402 28.8462 "20190319"
71760.309 3 246.699 58 51 52.1368 47.8632 "20190319"
71772.087 7 232.561 54 49 56.1111 44.1667 "20190319"
71956.183 1 182.704 40 53 57.4359 42.5641 "20190319"
72107.27 7 205.12 46 54 59.0278 41.2037 "20190319"
72553.004 1 249.015 58 51 49.0196 50.9804 "20190319"
72649.178 1 193.447 43 53 41.9643 57.7381 "20190319"
72763.854 1 210.433 48 51 49.1453 50.8547 "20190319"
73072.293 3 227.924 52 54 43.5897 56.4103 "20190319"
73239.369 3 227.711 52 53 55.3419 44.6581 "20190319"
73239.587 3 227.943 53 53 51.2821 48.718 "20190319"
73239.931 3 228.099 53 51 44.4444 55.5556 "20190319"
73324.093 1 189.513 42 54 60.0427 39.9573 "20190319"
73324.327 1 189.57 42 54 66.6667 33.1197 "20190319"
73324.779 1 189.619 42 52 47.2222 52.7778 "20190319"
73354.669 7 220.732 51 53 46.25 54.5833 "20190319"
73485.158 7 219.904 50 53 56.8376 43.3761 "20190319"
73607.119 1 256.348 61 52 50.6536 49.0196 "20190319"
73653.045 1 228.262 53 53 47.7401 52.2599 "20190319"
73653.545 1 228.175 53 52 42.094 57.906 "20190319"
73661.735 3 223.375 51 53 48.8889 51.1111 "20190319"
73673.669 3 207.672 47 54 50 50 "20190319"
73738.861 7 243.847 57 53 49.5726 50.4274 "20190319"
73739.158 7 244.416 57 51 54.4872 45.5128 "20190319"
73892.256 1 217.868 50 53 51.2821 48.718 "20190319"
73892.49 1 218.127 50 51 45.4106 53.6232 "20190319"
74214.033 7 186.497 41 53 49.7863 50 "20190319"
74464.335 5 255.835 60 52 49.2308 51.0256 "20190319"
74496.643 3 226.937 52 52 37.1795 62.6068 "20190319"
74506.034 3 229.735 53 54 47.2222 52.7778 "20190319"
75000.254 5 253.762 60 51 47.1429 53.3333 "20190319"
75406.489 1 250.903 59 49 56.6239 43.1624 "20190319"
75888.603 1 235.523 55 52 34.8291 65.3846 "20190319"
75889.149 1 235.34 55 52 61.9658 37.6068 "20190319"
75930.582 3 218.761 50 54 46.1538 53.8462 "20190319"
75930.816 3 218.465 50 52 47.6496 52.5641 "20190319"
76108.906 5 266.647 63 54 38.8889 60.8974 "20190319"
76109.14 5 266.404 63 54 37.2549 62.0098 "20190319"
76650.503 7 239.556 56 54 52.6882 46.7742 "20190319"
76667.024 1 224.408 52 53 42.3077 57.6923 "20190319"
76733.511 3 188.051 41 52 47.6496 52.5641 "20190319"
76980.865 1 193.591 43 55 48.2906 51.7094 "20190319"
77392.217 1 231.68 54 51 46.6184 53.1401 "20190319"
77471.091 1 188.13 42 52 43.1624 56.8376 "20190319"
78465.52 1 246.805 58 50 54.0598 45.9402 "20190319"
78702.734 3 235.435 55 53 42.094 57.6923 "20190319"
78702.968 3 235.625 55 52 42.9487 57.0513 "20190319"
78703.218 3 235.671 55 53 42.735 57.265 "20190319"
78703.452 3 235.553 55 52 50.4274 49.5726 "20190319"
78848.308 3 234.478 54 52 45.2991 54.7009 "20190319"
79031.031 1 214.53 49 49 51.634 48.366 "20190319"
80024.311 7 197.913 44 52 53.7559 46.4789 "20190319"
80502.275 3 252.334 59 52 41.5094 58.4906 "20190319"
80582.163 3 208.675 47 43 52.5862 47.7012 "20190319"
80758.844 1 265.075 63 53 49.6599 50.3401 "20190319"
80759.078 1 264.71 63 51 42.9487 57.265 "20190319"
80768.173 3 190.967 42 52 71.393 28.3582 "20190319"
80877.061 1 221.419 51 52 61.9658 37.8205 "20190319"
80937.542 3 219.194 50 50 51.9608 48.5294 "20190319"
81002.314 3 217.401 50 52 50 49.7863 "20190319"
81083.652 7 181.8 40 53 50.2415 50 "20190319"
81229.84 1 255.319 60 54 48.9316 50.641 "20190319"
81258.43 1 223.185 51 47 46.9136 52.7778 "20190319"
81374.276 3 237.11 55 52 58.1761 41.8239 "20190319"
81662.19 3 223.959 51 53 59.188 41.0256 "20190319"
81662.517 3 223.963 51 53 58.547 41.453 "20190319"
81667.338 3 226.295 52 52 51.7007 48.2993 "20190319"
81861.319 3 191.662 42 52 51.4957 48.5043 "20190319"
82195.877 1 221.427 51 53 56.6667 43.7037 "20190319"
82321.645 1 186.752 41 52 50 50 "20190319"
82411.813 3 210.239 48 51 53.7037 48.7654 "20190319"
82553.628 3 260.799 62 51 57.265 42.5214 "20190319"
82694.246 5 190.66 42 52 37.1795 62.6068 "20190319"
83060.483 3 212.278 48 53 52.7778 47.2222 "20190319"
83060.998 3 212.392 48 52 57.906 42.094 "20190319"
83061.294 3 213.216 49 51 59.188 41.0256 "20190319"
83088.626 3 231.786 54 49 53.1915 46.8085 "20190319"
83247.215 3 212.487 48 56 50.8547 48.9316 "20190319"
83287.978 1 211.94 48 52 44.8718 55.1282 "20190319"
83295.451 3 266.305 63 52 50.5952 49.1071 "20190319"
83529.498 1 263.487 62 49 42.3077 57.4786 "20190319"
83543.85 1 193.53 43 54 56.6667 43.5714 "20190319"
83910.321 3 208.063 47 46 56.6667 43.3333 "20190319"
84030.815 1 216.699 50 50 48.9316 51.0684 "20190319"
84090.782 1 218.332 50 52 47.0086 51.9231 "20190319"
84724.2 1 200.556 45 54 48.6486 51.1261 "20190319"
84744.028 3 198.551 44 52 51.1494 48.5632 "20190319"
85121.294 5 191.259 42 54 98.0769 42.3077 "20190319"
85133.634 3 235.997 55 53 49.7863 50.2137 "20190319"
85215.752 3 204.911 46 54 51.5351 48.4649 "20190319"
85361.659 3 193.922 43 54 57.4786 42.3077 "20190319"
85377.15 1 257.237 61 56 57.265 42.5214 "20190319"
85434.277 3 223.735 51 53 57.0513 42.9487 "20190319"
85434.511 3 223.994 51 52 54.7619 45.2381 "20190319"
85874.333 3 252.866 59 52 50.641 48.3974 "20190319"
85924.581 3 195.22 44 50 55.814 45.7364 "20190319"
86033.641 3 196.675 44 52 101.496 50.4274 "20190319"
86060.691 3 203.07 46 54 41.453 58.547 "20190319"
86199.885 1 225.486 52 53 45.5128 54.4872 "20190319"
86200.338 1 225.752 52 53 49.359 50.2137 "20190319"
86200.556 1 225.604 52 54 43.5556 56.4444 "20190319"
86251.974 3 190.561 42 51 60.1732 39.8268 "20190319"
221.195 5 242.263 57 50 36.5248 62.766 "20190319"
367.035 5 211.599 48 54 52.7778 47.2222 "20190319"
367.487 5 211.61 48 52 56.4103 43.5897 "20190319"
367.706 5 211.823 48 52 55.1282 44.8718 "20190319"
367.94 5 211.587 48 53 54.955 45.045 "20190319"
457.671 1 233.142 54 53 56.8376 43.1624 "20190319"
474.067 3 188.932 42 54 54.1667 46.25 "20190319"
842.274 5 214.811 49 50 50 50 "20190319"
881.893 7 261.33 62 53 38.4615 61.3248 "20190319"
975.774 7 253.519 60 51 27.3504 72.4359 "20190319"
1183.223 5 245.275 57 51 43.1624 56.4103 "20190319"
1191.429 7 207.08 47 54 25.2137 74.5726 "20190319"
1192.334 7 207.505 47 53 48.2906 51.4957 "20190319"
1357.959 3 210.501 48 53 53.8462 45.9402 "20190319"
1412.871 3 232.257 54 54 58.547 41.2393 "20190319"
1413.324 3 232.606 54 52 57.906 42.094 "20190319"
1465.521 3 238.409 56 52 59.188 40.812 "20190319"
1702.169 3 226.792 52 44 42.1053 57.4561 "20190319"
2235.092 3 181.044 40 54 76.7094 23.5043 "20190319"
2270.129 3 199.584 45 51 49.5833 50.4167 "20190319"
2333.31 3 212.442 48 52 63.4615 36.3248 "20190319"
2381.046 1 228.782 53 51 57.906 42.094 "20190319"
2608.775 3 219.892 50 51 61.1111 39.1813 "20190319"
2649.491 5 258.699 61 52 48.01 51.99 "20190319"
2723.914 3 212.343 48 50 52.7778 47.0086 "20190319"
2794.925 3 186.547 41 44 52.5157 47.1698 "20190319"
2828.309 3 225.513 52 54 57.0513 42.9487 "20190319"
3180.308 3 244.735 57 51 47.1631 52.4823 "20190319"
3495.673 5 266.096 63 56 101.282 57.906 "20190319"
3719.112 5 201.072 45 53 41.453 58.3333 "20190319"
4021.919 1 184.356 40 52 54.4872 45.7265 "20190319"
4151.462 3 206.123 46 53 51.0684 49.1453 "20190319"
4227.419 3 224.647 52 51 64.9573 35.0427 "20190319"
4704.868 5 247.325 58 53 47.4359 52.5641 "20190319"
4776.768 1 195.816 44 55 53.9007 45.7447 "20190319"
4949.82 7 205.697 46 53 39.5062 60.4938 "20190319"
5181.974 3 183.775 40 50 67.619 31.4286 "20190319"
5478.546 3 187.804 41 49 64 35.3333 "20190319"
5687.665 3 252.068 59 52 50.2137 49.7863 "20190319"
5831.039 1 228.034 53 53 53.3898 46.8927 "20190319"
5901.255 3 207.965 47 54 59.8291 40.1709 "20190319"
6285.905 5 218.734 50 44 40.3846 59.8291 "20190319"
6425.583 3 204.908 46 53 60.9453 39.0547 "20190319"
6554.205 3 193.409 43 46 49.537 51.3889 "20190319"
6863.07 3 248.753 58 53 59.8291 40.1709 "20190319"
7005.883 1 235.758 55 51 50.641 49.359 "20190319"
7009.019 3 217.473 50 52 53.1008 47.2868 "20190319"
7177.842 1 228.729 53 48 40.3704 60 "20190319"
7206.047 3 231.627 54 53 58.1197 41.8803 "20190319"
7257.886 1 243.22 57 54 43.4783 57.0048 "20190319"
7394.214 3 222.722 51 53 70.3252 29.6748 "20190319"
7404.869 3 252.118 59 49 53.9474 45.1754 "20190319"
7440.094 3 200.943 45 52 61.3248 38.6752 "20190319"
7440.656 3 201.296 45 54 70.0855 29.9145 "20190319"
7440.874 3 200.989 45 54 62.6068 37.3932 "20190319"
7441.108 3 201.19 45 54 71.1538 28.8462 "20190319"
7441.56 3 201.22 45 53 58.3333 41.8803 "20190319"
7442.013 3 201.091 45 54 55.7692 44.2308 "20190319"
7442.699 3 201.478 45 53 64.5833 35 "20190319"
7442.949 3 201.087 45 53 57.0513 43.1624 "20190319"
7443.401 3 201.33 45 53 70.9402 28.8462 "20190319"
7443.62 3 201.14 45 53 57.265 43.3761 "20190319"
7443.854 3 201.209 45 53 56.1404 44.152 "20190319"
7444.306 3 201.319 45 53 57.4786 43.3761 "20190319"
7444.852 3 201.577 45 53 67.3077 32.6923 "20190319"
7445.414 3 202.022 45 51 62.6016 37.8049 "20190319"
7446.069 3 201.482 45 52 66.8803 33.1197 "20190319"
7446.303 3 201.615 45 53 67.735 32.265 "20190319"
7447.114 3 201.839 45 52 67.094 33.1197 "20190319"
7447.457 3 201.892 45 52 67.8404 31.9249 "20190319"
7451.451 3 182.377 40 55 60.3175 39.6825 "20190319"
7952.706 1 222.57 51 54 55.0314 44.9686 "20190319"
8130.167 1 181.781 40 44 47.4359 5.55556 "20190319"
8451.871 3 229.033 53 52 50.7576 49.495 "20190319"
8781.057 5 247.834 58 48 50.641 49.359 "20190319"
8903.096 5 205.344 46 54 49.5726 50.4274 "20190319"
8903.361 5 205.956 46 54 50 50 "20190319"
9082.887 3 259.367 61 53 49.7863 50.2137 "20190319"
9149.67 3 256.758 61 41 56.3218 43.6782 "20190319"
9216.626 3 240.076 56 53 61.1111 38.8889 "20190319"
9605.514 1 258.972 61 52 55.2239 44.5274 "20190319"
9694.278 5 239.662 56 54 62.8205 36.218 "20190319"
9950.378 3 225.87 52 53 69.6581 30.3419 "20190319"
9950.628 3 226.747 52 50 70.303 28.7879 "20190319"
10270.507 5 251.882 59 51 63.1313 34.8485 "20190319"
10390.939 3 189.182 42 55 52.1368 48.0769 "20190319"
10429.377 3 183.251 40 48 49.1453 50.8547 "20190319"
10691.593 1 187.196 41 53 50 50 "20190319"
10691.827 1 187.249 41 53 51.2821 48.718 "20190319"
11039.084 3 256.61 60 52 68.0556 32.6389 "20190319"
11047.149 5 258.334 61 44 49.1453 50.4274 "20190319"
11063.513 5 210.046 48 50 62 37.6667 "20190319"
